Year   Jan  Feb  Mar  Apr  May  Jun  Jul  Aug  Sep  Oct  Nov  Dec
1880   -71  -42  -48  -63  -36  -49  -38   11  -43  -60  -41  -38
1881   -66  -44  -24  -17   -1 -104  -41  -24  -28  -39  -49    0
1882    22   -5   -5  -55  -37  -92  -62  -12   -2  -27  -36  -59
1883   -61  -88  -36  -20  -29   43    7   -3  -33  -55  -61  -27
1884   -51  -23  -37  -86 -109  -72  -80   20  -33  -75  -76  -92
1885   -87  -73  -87  -83  -48  -90  -57  -14  -14   -2  -33    9
1886   -65  -73  -63  -55  -53  -71  -34  -67  -35  -81  -52  -69
1887   -83 -116  -54  -77  -82  -64  -44  -31  -60  -44  -84  -62
1888   -67  -72  -82  -22  -67  -45  -28  -27  -35  -19   -2   -6
1889   -25   21    9   16   14  -25  -40  -59  -36  -20  -44  -39
1890   -62  -62  -61  -50  -88  -55  -59  -60  -35  -28  -76  -55
1891   -99 -109  -55  -66  -46  -56  -72  -58  -51  -58  -53   -3
1892   -65  -32  -57  -70  -64  -54  -35  -24  -48  -35  -60  -63
1893  -143  -96  -59  -63  -71  -66  -10  -31  -24   -8  -16  -42
1894   -78  -67  -42  -66  -65  -47  -36  -31  -44   -8  -14  -17
1895   -68  -81  -50  -46  -36  -29  -54  -17  -12   -5  -11   -6
1896   -25  -31  -55  -47  -45  -44  -21  -40  -12   -6  -46  -22
1897   -27  -52  -36  -13  -28  -22  -11  -31  -19  -28   -7  -32
1898   -21  -52  -84  -55  -69  -34  -38  -28   -6  -46  -55  -27
1899   -49  -63  -44  -30  -46  -59  -34  -35   -6  -33   -7  -25
1900   -54   -4  -17  -17  -18  -15  -37  -21  -10   13  -14   -9
1901   -31  -13  -16  -15  -25    2  -30  -25    1  -17  -13  -18
1902   -31   -4  -20  -19  -33  -39  -45  -51  -42  -48  -49  -54
1903   -33  -12  -16  -53  -43  -61  -28  -39  -37  -48  -46  -59
1904   -79  -74  -52  -45  -65  -42  -58  -48  -44  -53  -24  -37
1905   -39  -95  -23  -35  -34  -35  -42  -26  -23  -37   -9  -26
1906   -17  -34  -32    6  -21  -22  -23  -20  -31  -21  -56  -27
1907   -50  -68  -48  -62  -68  -67  -42  -57  -40  -34  -61  -66
1908   -37  -32  -51  -45  -33  -44  -39  -41  -18  -41  -60  -39
1909   -74  -58  -48  -60  -58  -42  -33  -10  -20  -18  -17  -52
1910   -45  -36  -44  -31  -27  -37  -18  -12  -11  -34  -50  -63
1911   -61  -61  -59  -51  -39  -42  -17  -26  -26  -17  -14  -23
1912   -18  -12  -41  -34  -27  -23  -46  -62  -37  -52  -48  -34
1913   -43  -51  -59  -32  -63  -58  -25  -21  -22  -32  -20    2
1914    14   -5   -5  -19   -2  -12  -25  -14  -12    9  -35  -23
1915   -21    3  -11   -3  -20  -21    6  -17    1   -9    4  -16
1916   -11  -10  -43  -30  -38  -45  -30   -8  -14  -16  -39  -78
1917   -47  -71  -77  -50  -77  -42    6  -33  -30  -48  -34  -89
1918   -62  -61  -50  -52  -74  -42  -44  -45  -19    2  -26  -31
1919   -21  -23  -12  -10  -13  -16   -6   -6  -18   -5  -42  -25
1920    -8  -29  -20  -19  -36  -36  -18  -16  -16  -44  -34  -47
1921     2  -16  -14  -15  -20   -8    5  -43  -12   -8  -27  -16
1922   -33  -37  -25   -5  -31  -27    3  -21  -10  -23   -8  -12
1923   -21  -20  -18  -44  -29  -24  -46  -34  -29   -9   -2   -5
1924   -22  -36  -10  -47  -25  -14  -11  -12   -6  -14   -7  -33
1925   -42  -33  -23  -16  -31  -37  -34   -8  -30  -34   -1   16
1926    25   31   20  -13  -33  -22  -14    2    5  -10    5  -24
1927   -14  -13  -33  -35  -28  -25   -6  -27   -4   15   12  -22
1928     7    2  -10   -9  -37  -54   -4   -4    0   -6    8   -3
1929   -24  -43  -34  -39  -34  -39  -32  -33  -17    4   -4  -58
1930   -21  -13   -5  -17  -13  -17  -17  -17  -15  -25   11   -7
1931   -11  -25   -4  -24  -16   -7   12   11  -14    6  -13   10
1932    37  -27  -20    7  -17  -42  -20  -19    1    6  -11  -18
1933   -32  -26  -25  -21  -14  -27  -14  -21  -13  -11  -39  -55
1934   -16  -11  -36  -35    0  -18    0    3   -9   -5    5   10
1935   -31   21    3  -45  -34  -20  -25  -25  -41   -6  -31  -17
1936   -27  -44  -19   -5  -27  -13   21    2   -1    0    3    8
1937   -11    4  -19  -16   -1   -1   -6    7   25   22   31   -3
1938     3    2   20   26   14  -11    4   -6    9   32   12   -8
1939    -2  -14  -36  -15    0   -8  -12  -27  -12  -10  -14   35
1940   -16    6   12    1    5   15   22    8   18    6    4   21
1941     5   23   -8    1   11   14   29    7  -16   10   -2    3
1942    26    2    0    2    4    9    6   10    6    2   14    8
1943   -18    5  -13    2   -8  -10   11  -16    5   29    8   20
1944    34   13   14   -7   -5  -10    3    6   19   21    2  -16
1945     4  -11   -1   12  -17  -28  -21   19    4    4   -5  -35
1946     4   -1  -13    6    4  -13    5   -8    1  -18   -7  -28
1947    -6    8   21   15    3   -2    4    4    2   27   23  -11
1948    22  -14  -25   -9    2    9  -15  -16   -2   -2  -17  -15
1949     6  -33   -8  -26  -18  -22   -8  -13   -5    4   -6  -11
1950   -25  -33   -7  -22  -21  -12  -11  -33  -18  -20  -38  -18
1951   -37  -47  -17   -4    7  -11  -10   11    2    6    2   15
1952    11   13  -15   -5  -12  -10    5   10   13   -4  -22   -4
1953    10    7   15    9   -2    2   -3   11    8    5    3   16
1954   -29   -9  -12  -14  -20  -21  -27  -18  -17    2   20  -10
1955    23   -9  -38  -17  -15  -17  -13   14  -12    2  -26  -29
1956   -23  -31  -33  -27  -29  -11  -11  -34  -11  -23  -21  -18
1957   -13   -5   -8    4    0   10  -14   14   11   -1   13   19
1958    39   24   18   10   11  -20    5  -13  -10    8    8   -9
1959     2    6   23   18   -2    9    9   -1  -13  -11  -12    9
1960     6   25  -47  -22  -15   -2  -12    7    6   10  -10   17
1961     8   24    3   13   19    9   -1    4   16    9    8  -15
1962     6   15    9    5  -12    5  -14   -8    1    1    9    0
1963    -2   24  -24  -20  -16    2    7   16   22    9    6   -5
1964    -6  -17  -29  -37  -35  -15   -8  -32  -37  -33  -20  -33
1965    -6  -19  -12  -30  -17  -17  -25   -9  -26  -12  -12  -20
1966   -24   -6   13  -11   -8   -3   11  -12   -3  -26   -6   -7
1967    -8  -25    4  -10   15  -11    5    4    0   14    2    0
1968   -20  -18   34   -7  -18  -12  -12   -7  -26    6   -8  -20
1969   -16  -26  -10   12   14    7   -3   -8    2    7    8   35
1970     6   28   11   11   -5   14   10   -6   15   11    4  -11
1971    -3  -14  -21   -5   -6  -20   -9    4    5    0  -11   -5
1972   -31  -30   -7   -6    0   10    6   20    5   -5   -7   14
1973    26   34   37   37   35   30   23    8   13   20    9   -2
1974    -4  -21    1   -6    4    4    0   13  -15   -7   -7   -4
1975     8   10   16    6   28    7    7  -24   -2   -4   -7  -22
1976    -3   -7  -31  -23  -26  -18  -16  -22  -15  -39  -18   -3
1977    12   22   30   31   30   32   29   30  -10   -1   24   14
1978    13   18   27   24   20    4   19  -17   17    5   15    8
1979    16  -10   24   19    6   21    4   12   28   26   30   53
1980    36   44   42   45   47   22   36   32   34   22   27   17
1981    60   57   68   50   32   38   51   52   27    9   22   47
1982    11   25   -2    3   24    4   19    8    9    2   11   40
1983    51   39   45   39   48   26   19   47   56   30   31   16
1984    24   15   37   16   47    4   18   25   25   21    9    3
1985    30    4   25   17   22   28    6   35   25   15    8   15
1986    37   49   37   41   30   15   14   20    1   11   11   20
1987    42   52   23   38   29   54   59   24   34   34   30   56
1988    66   48   56   49   62   58   44   55   54   52   13   33
1989    26   44   45   40   21   17   45   49   52   42   19   35
1990    50   41   85   60   51   46   62   42   28   51   51   46
1991    49   61   47   70   42   69   63   56   60   33   31   33
1992    50   41   54   26   26   30    8   13   -5    6    1   24
1993    39   41   35   31   29   26   39   22    9   21    9   20
1994    39    8   27   53   27   57   39   23   45   41   49   46
1995    56   89   50   57   38   50   63   57   44   66   52   40
1996    41   60   45   47   34   35   52   77   39   32   48   53
1997    48   55   66   39   44   66   35   44   49   60   68   69
1998    71  118   84   83   95  103   92   85   60   66   65   80
1999    69   86   48   43   50   63   64   55   63   63   57   53
2000    32   79   70   76   57   68   64   61   57   33   48   47
2001    59   63   70   62   74   66   72   65   69   60   84   72
2002    95   91  113   81   85   65   81   68   82   63   68   53
2003    91   74   72   69   87   64   64   87   82   87   65   85
2004    70   92   86   75   49   64   25   59   60   84   88   66
2005    97   90   94   85   76   82   80   75   97  100   90   89
2006    76   92   80   67   51   77   66   81   72   83   86   92
2007   123   93   91   94   93   66   79   86   83   80   69   70
2008    48   45   90   65   58   52   71   41   82   74   81   75
2009    76   77   68   77   81   83   86   87   92   72   84   76
2010    95  105  114  101   98   88   75   84   88   96  103   72
2011    73   66   78   84   66   74   92   97   80   84   75   79
2012    60   57   70   80   96   71   58   86   87   94   93   69
2013    96   75   85   65   69   87   65   77  100   85   86   80
2014    94   61   76   90  103   78   72   82  105  100   82   95